#Año inicial y terminal
1995 2014
#Numero de años
20
#tiempos de desfase entre reclutas y desovantes
1
#Numero de tallas
42
#Años	Captura	cv	Indice	cv	Crucero	cv	nm	nmc
1995	1085	0.05	1	0.2	0	0.3	40	20
1996	9320	0.05	0.659	0.2	0	0.3	40	20
1997	62061	0.05	0.801	0.2	0	0.3	40	20
1998	174243	0.05	0.856	0.2	0	0.3	40	20
1999	453186	0.05	0.543	0.2	0	0.3	40	20
2000	288031	0.05	0.325	0.2	0	0.3	40	20
2001	145533	0.05	0.244	0.2	0	0.3	40	20
2002	120383	0.05	0.247	0.2	0	0.3	40	20
2003	68034	0.05	0.126	0.2	0	0.3	40	20
2004	95444	0.05	0.219	0.2	0	0.3	40	20
2005	230767	0.05	0.233	0.2	770876	0.3	40	20
2006	103905	0.05	0.145	0.2	1093908	0.3	40	20
2007	83901	0.05	0.167	0.2	716621	0.3	40	20
2008	81090	0.05	0.146	0.2	666411	0.3	40	20
2009	184808	0.05	0.255	0.2	657994	0.3	40	20
2010	88006	0.05	0.328	0.2	473539	0.3	40	20
2011	152859	0.05	0.359	0.2	901303	0.3	40	20
2012	204198	0.05	0.379	0.2	591092	0.3	40	20
2013	99872	0.05	0.24	0.2	481840	0.3	40	20
2014	91341	0.05	0.191	0.2	652935	0.3	40	20

#Tallas
13	17	21	25	29	33	37	41	45	49	53	57	61	65	69	73	77	81	85	89	93	97	101	105	109	113	117	121	125	129	133	137	141	145	149	153	157	161	165	169	173	177

#Numero de años con composiciones de tallas (Capturas)
15

#ID de los años con comps de tallas
2000 2001 2002 2003 2004 2005 2006 2007 2008 2009 2010 2011 2012 2013 2014
#	Frecuencia_de	tallas	de	las	capturas
0	0	0	0	0	0	0	0	1	2	7	12	28	62	94	122	133	147	118	103	89	97	76	83	63	56	39	43	34	27	17	20	13	7	4	2	2	1	0	0	0	0
0	0	0	0	0	0	0	0	0	1	4	10	22	58	86	114	150	135	128	114	98	93	78	72	66	55	53	35	31	25	23	18	10	8	6	2	1	1	0	1	0	0
0	0	0	0	0	0	0	0	2	4	24	58	109	163	205	201	179	134	107	66	47	39	29	31	21	18	14	13	11	6	5	4	4	3	2	2	0	0	0	0	0	0
0	0	0	0	0	0	0	0	0	0	2	12	27	68	109	163	195	195	166	132	95	78	50	37	34	28	24	23	14	13	10	10	4	4	3	2	2	0	0	0	0	0
0	0	0	0	0	0	0	0	0	5	10	38	73	128	175	190	195	171	134	106	72	54	38	27	15	13	14	10	8	7	5	4	3	1	2	0	1	0	0	0	0	0
0	0	0	0	0	0	0	1	2	7	24	66	107	174	219	215	212	153	113	65	42	28	16	14	10	9	5	4	3	2	1	1	1	1	1	2	0	0	0	0	0	0
0	0	0	0	0	0	0	2	4	13	38	87	154	230	247	229	171	127	70	43	33	16	10	9	5	2	4	3	2	1	2	1	0	0	0	0	0	0	0	0	0	0
0	0	0	0	0	0	0	0	0	1	9	25	68	130	199	238	249	191	144	93	60	38	23	13	5	2	3	2	1	1	1	1	0	1	0	0	0	0	0	0	0	0
0	0	0	0	0	0	0	0	0	0	3	14	42	86	146	219	268	243	187	134	76	37	21	12	5	3	0	1	0	2	0	0	0	0	0	0	0	0	0	0	0	0
0	0	0	0	0	0	0	0	0	1	2	8	26	64	107	164	236	258	228	179	108	64	28	12	6	4	2	1	2	1	0	0	1	0	0	0	0	0	0	0	0	0
0	0	0	0	0	0	0	0	0	0	2	5	7	25	62	114	184	227	255	224	169	110	61	34	13	4	3	1	0	1	0	0	0	0	0	0	0	0	0	0	0	0
0	0	0	0	0	0	0	0	0	1	4	8	21	49	79	124	160	202	228	210	161	114	64	38	20	9	6	2	1	0	0	0	0	0	0	0	0	0	0	0	0	0
0	0	0	0	0	0	0	0	1	3	10	23	51	91	117	150	175	189	158	149	122	100	77	42	22	11	5	2	1	0	0	0	0	0	0	0	0	0	0	0	0	0
0	0	0	0	0	0	0	0	0	1	4	8	25	53	96	130	163	173	165	168	145	116	99	68	39	25	14	4	2	2	1	0	0	0	0	0	0	0	0	0	0	0
0	0	0	0	0	0	0	0	0	0	0	5	16	32	62	103	139	165	172	165	174	135	110	91	52	36	24	11	6	1	1	1	0	0	0	0	0	0	0	0	0	0

#Numero de años con composiciones de tallas (Cruceros)
10
#ID de los años con comps de tallas (Cruceros)
2005 2006 2007 2008 2009 2010 2011 2012 2013 2014
#	Frecuencia_de	tallas	de	los	cruceros
0	0	0	0	0	3	12	30	72	184	248	246	230	183	110	78	42	30	10	6	6	8	2	0	0	0	0	0	0	0	0	2	0	0	0	0	0	0	0	0	0	0
0	0	0	0	0	2	15	42	60	104	130	184	230	248	206	120	76	36	24	8	8	2	6	0	2	0	0	0	0	0	0	0	0	0	0	0	0	0	0	0	0	0
0	0	0	0	0	8	13	32	75	96	117	123	156	178	219	182	112	94	48	28	9	3	4	2	0	0	0	0	0	0	0	0	0	0	0	0	0	0	0	0	0	0
0	0	0	0	0	8	22	32	80	88	106	116	148	114	166	189	162	129	69	33	22	6	4	3	2	0	0	0	0	0	0	0	0	0	0	0	0	0	0	0	0	0
0	0	0	0	2	3	12	48	87	123	105	112	123	118	132	148	160	111	76	66	39	21	10	2	0	0	0	0	0	0	0	0	0	0	0	0	0	0	0	0	0	0
0	0	0	0	0	8	6	50	96	108	128	153	117	124	128	111	106	106	88	69	46	22	21	8	0	2	3	0	0	0	0	0	0	0	0	0	0	0	0	0	0	0
0	0	0	2	2	2	38	60	99	112	138	148	126	135	116	90	96	70	60	68	53	34	24	15	10	0	2	2	0	0	0	0	0	0	0	0	0	0	0	0	0	0
0	0	0	0	0	4	24	62	130	170	190	138	118	117	100	94	75	66	46	56	38	30	13	15	6	4	0	2	0	0	0	0	0	0	0	0	0	0	0	0	0	0
0	0	0	0	2	3	6	20	76	117	171	178	148	172	114	102	88	54	70	51	28	28	30	15	13	4	6	0	0	0	0	0	0	0	0	0	0	0	0	0	0	0
0	0	0	0	3	3	16	40	58	88	124	162	165	172	150	116	93	62	69	51	22	32	21	15	18	9	4	3	2	0	0	0	0	0	0	0	0	0	0	0	0	0


# CONTROLES DEL MODELO
# Coeficiente de variación de los reclutamientos y Ro (de partida)
#  sigmaR   Ro
   0.6      1000
#  L50ms  L95ms   ln(aw)   bw    (aw, bw: son coef relación talla-peso)
   35     40      -6.9     3
#  dt desove   dt CPUE	 dt Crucero	
   0.8         0.5      0.8
   
# PARAMETROS DE CRECIMIENTO, M, STEEPNESS, y b_CPUE
#Loo,   k,        Lo(mm)     a0          cv_edad        M         h        b_cpue
150    0.225      50.0       0.0          0.08         0.45       0.75     1.0    
0.1     0.1       0.1        10.1         0.1         0.3        0.1      0.1    
-5      -4         5         -4             4          -5         -5       -3     

# PARAMETROS INICALES DE SELECTIVIDAD DOBLE NORMAL
# FLOTA
#L50        sigma1    sigma 2
90           10        1000     #prior
0.5           0.5        10      #cv de la prior
3             3          -2      #fases
# CRUCERO
#L50        sigma1    sigma 2     q
75           10        1000       1    #prior
0.5           0.5        10       0.1  #cv de la prior
3             3          -2       3    #fases

# Número de bloques de selectividad flota y años de inicio
1
1995

# Número de bloques de selectividad crucero y años de inicio
1
1995

# Número de bloques de capturabilidad flota y años de inicio
1
1995

# OTRAS FASES DE ESTIMACION DE PARAMETROS
# Coeficiente de  capturabilidad q flota
4
# Mortalidad por pesca
2
# Variación anual de reclutamientos
2
# Estimación de Ro
1

# ANALISIS DE ESTRATEGIAS DE EXPLOTACION CON DECISION DE MORTALIDAD POR PESCA
# Regla de control tipo rampla con %BD0 pivote (si es 0 es regimen F constante)
0
# PROYECCION DE LA POBLACION
#numero de escenarios
6
# Multiplos de F
1e-10  0.5    1.00    1.5    2.0   2.5
# Años a proyectar
25
